{
 "cells": [
  {
   "cell_type": "markdown",
   "metadata": {},
   "source": [
    "<h1>Linear PCA for Classical Anomaly Detection</h1>\n",
    "Based on a research paper from:\n",
    "<br>\n",
    "Datset used:\n",
    "<br>\n",
    "Adding the dataset to the notebook\n"
   ]
  },
  {
   "cell_type": "code",
   "execution_count": 6,
   "metadata": {},
   "outputs": [
    {
     "name": "stdout",
     "output_type": "stream",
     "text": [
      "[[212.   210.   211.   ... 243.   167.85   9.22]\n",
      " [212.   211.   211.   ... 243.   162.51   9.22]\n",
      " [212.   211.   211.   ... 242.   164.99   9.22]\n",
      " ...\n",
      " [271.   261.   265.   ... 280.   160.14   8.44]\n",
      " [271.   261.   265.   ... 280.   162.96   8.44]\n",
      " [271.   261.   265.   ... 280.   159.73   7.35]]\n",
      "[[-1.18886122 -1.3006378  -1.27898295 ... -0.21770786 -0.47568099\n",
      "   1.49877297]\n",
      " [-1.18886122 -1.26819607 -1.27898295 ... -0.21770786 -0.84558629\n",
      "   1.49877297]\n",
      " [-1.18886122 -1.26819607 -1.27898295 ... -0.25023212 -0.67379506\n",
      "   1.49877297]\n",
      " ...\n",
      " [ 0.64819495  0.3538901   0.48047645 ...  0.98568958 -1.00975775\n",
      "   0.81934596]\n",
      " [ 0.64819495  0.3538901   0.48047645 ...  0.98568958 -0.8144145\n",
      "   0.81934596]\n",
      " [ 0.64819495  0.3538901   0.48047645 ...  0.98568958 -1.03815872\n",
      "  -0.13010972]]\n"
     ]
    }
   ],
   "source": [
    "import numpy as np\n",
    "import pandas as pd\n",
    "from sklearn.decomposition import PCA\n",
    "from sklearn.preprocessing import StandardScaler\n",
    "\n",
    "df = pd.read_csv('Dataset\\Kaggle\\Production Quality\\data_X.csv')\n",
    "\n",
    "x = df.iloc[:, 1:18].values\n",
    "x = np.array(x)\n",
    "\n",
    "X = StandardScaler().fit_transform(x)\n",
    "\n",
    "print(x)\n",
    "print(X)"
   ]
  },
  {
   "cell_type": "markdown",
   "metadata": {},
   "source": [
    "Splitting the dataset into training and testing variables"
   ]
  },
  {
   "cell_type": "code",
   "execution_count": 2,
   "metadata": {},
   "outputs": [],
   "source": [
    "# Split the dataset into training and testing variables"
   ]
  },
  {
   "cell_type": "markdown",
   "metadata": {},
   "source": [
    "Building a PCA object using the Sklearn python library"
   ]
  },
  {
   "cell_type": "code",
   "execution_count": 3,
   "metadata": {},
   "outputs": [
    {
     "name": "stdout",
     "output_type": "stream",
     "text": [
      "[[ 4.29737274e-01  4.41220675e-01  4.44595160e-01 -7.05682562e-03\n",
      "  -1.17729962e-02 -1.19127729e-02 -4.31780436e-02 -4.95139216e-02\n",
      "  -4.24205145e-02  8.61775456e-03  9.26987019e-03  8.07541415e-03\n",
      "  -3.69455385e-01 -3.70706662e-01 -3.76462380e-01 -2.58543954e-02\n",
      "  -1.02652548e-03]\n",
      " [ 3.74630308e-01  3.75138312e-01  3.67246339e-01  1.31783964e-02\n",
      "   2.32930674e-02  2.38296454e-02 -1.35500170e-02 -1.38771476e-02\n",
      "  -2.14981455e-02 -2.95254537e-02 -3.74081449e-02 -2.67320265e-02\n",
      "   4.40642838e-01  4.41976534e-01  4.35216415e-01  9.26369894e-04\n",
      "  -4.66813709e-03]\n",
      " [ 4.17731841e-02  4.23078567e-02  4.30149199e-02 -5.68439992e-02\n",
      "  -5.58347978e-02 -4.68050199e-02  5.64620097e-01  5.62569645e-01\n",
      "   5.66570553e-01 -9.39494926e-02 -1.01197207e-01 -9.69471086e-02\n",
      "  -2.25329065e-02 -1.65638798e-02 -1.93934208e-02  1.27111933e-02\n",
      "  -2.59610108e-03]\n",
      " [-8.87247078e-03 -1.56475186e-02 -2.29426867e-02 -3.52320847e-01\n",
      "  -3.43147227e-01 -3.59677014e-01 -1.05462253e-01 -1.06623712e-01\n",
      "  -1.14050128e-01 -4.45589110e-01 -4.38052827e-01 -4.49049351e-01\n",
      "  -8.76645875e-03  1.57343881e-03 -1.14019638e-02 -1.28602354e-04\n",
      "  -1.04680041e-02]\n",
      " [ 1.82589719e-02  6.98185389e-03  1.62700386e-02 -4.44901854e-01\n",
      "  -4.55582932e-01 -4.61290253e-01  2.00596524e-02  1.34808793e-02\n",
      "   2.22930075e-02  3.56882699e-01  3.63497377e-01  3.41522173e-01\n",
      "   3.26300087e-02  3.81450445e-02  3.45101892e-02 -1.18823532e-02\n",
      "   2.23123104e-03]\n",
      " [-1.59790022e-03 -3.39914246e-03 -1.16368135e-02  8.75336513e-03\n",
      "  -8.55658066e-03  3.78094881e-03 -7.49948214e-03  1.20813347e-02\n",
      "   1.22084630e-02 -1.12885964e-02 -8.22312589e-03 -5.05472264e-03\n",
      "   5.70678964e-03  1.26429728e-03  1.53527619e-02 -6.76287045e-01\n",
      "   7.35853555e-01]\n",
      " [-5.89471710e-03 -8.19240952e-03 -1.33779517e-02  2.20587002e-02\n",
      "  -7.30108257e-03  2.37276269e-03  1.60675855e-03  6.10955199e-03\n",
      "   9.82898286e-03  1.46575595e-02 -1.13654417e-03 -1.47141104e-02\n",
      "   5.68096622e-03  9.03910295e-04  1.13771098e-02 -7.35186553e-01\n",
      "  -6.76714630e-01]\n",
      " [-2.85087891e-03  1.02071274e-02 -3.29030169e-03  7.30049198e-01\n",
      "  -6.77396351e-01 -4.66582397e-02  2.78794516e-02 -4.09548191e-02\n",
      "   1.25793188e-02 -2.29864239e-02  3.31903514e-02 -2.80394522e-02\n",
      "   1.42027595e-02 -5.72974729e-03  4.33929428e-03  2.34250620e-02\n",
      "   5.57899919e-03]\n",
      " [ 3.68214188e-03 -7.57951179e-03  9.15200482e-03 -5.55766471e-02\n",
      "  -2.47452380e-02  1.04772386e-01 -1.82742114e-02 -1.54730524e-02\n",
      "   3.33558826e-02  3.82204064e-01  4.20725879e-01 -8.12394104e-01\n",
      "  -3.33166016e-03 -1.33463585e-03  1.05412546e-02  1.00359797e-02\n",
      "   1.34833371e-02]\n",
      " [-1.08309066e-02 -4.22432698e-03  1.69580115e-02 -2.43023176e-01\n",
      "  -2.48024156e-01  4.84716686e-01  3.53155811e-02 -4.40532111e-02\n",
      "   7.01507237e-03 -5.99834883e-01  5.23474746e-01  7.59628752e-02\n",
      "   1.53774040e-02 -2.55813316e-02  1.20611354e-02 -7.34219827e-03\n",
      "  -1.11969306e-02]\n",
      " [ 1.09721783e-03 -3.20194050e-03 -4.52166342e-03 -2.79896521e-01\n",
      "  -3.81672135e-01  6.35898099e-01  1.14526660e-02 -3.00372537e-02\n",
      "  -4.53690879e-04  3.95401322e-01 -4.58514464e-01  6.17968297e-02\n",
      "  -1.05303867e-02 -3.32197472e-03  4.33943315e-03  3.76069579e-03\n",
      "   9.77030563e-04]\n",
      " [ 3.26265777e-02 -2.86268912e-02  3.45778782e-03  1.20741485e-02\n",
      "  -6.17581213e-02  4.14284195e-02 -6.49925489e-01  7.47188382e-01\n",
      "  -9.55774246e-02 -2.04319735e-02  2.00099663e-02  4.38574218e-03\n",
      "   5.64841044e-03 -3.27728556e-02  2.12677842e-02  1.18082763e-02\n",
      "  -8.02531350e-03]\n",
      " [-2.31339836e-02  1.48428105e-02  5.01219417e-03  2.93568762e-03\n",
      "  -9.08400671e-03  6.89199956e-03  4.90362189e-01  3.22436770e-01\n",
      "  -8.06302434e-01  2.08102146e-02  2.03599970e-02 -2.93862733e-02\n",
      "   3.50529499e-02 -3.78676454e-02 -6.98068548e-03 -9.77324468e-03\n",
      "   4.30429470e-03]\n",
      " [ 7.93231301e-01 -3.15163332e-01 -4.67026878e-01  7.21917677e-03\n",
      "  -6.68846622e-04  1.12144144e-02  3.80418727e-02 -9.97644106e-03\n",
      "  -2.65915334e-02 -1.15128637e-02  1.60728556e-02  4.28429032e-03\n",
      "  -1.77769769e-01  1.34996765e-01  2.54320464e-02  5.19047152e-03\n",
      "  -8.58677157e-04]\n",
      " [ 1.36726506e-01 -1.03398543e-01 -4.09193062e-02 -6.85368354e-03\n",
      "   2.25989117e-03  5.47860101e-03 -1.22918155e-02 -7.63002397e-03\n",
      "   2.54632610e-02  9.83714197e-03 -3.02394318e-03 -4.55457559e-03\n",
      "   7.34623691e-01 -8.74014950e-02 -6.48483583e-01 -5.24571205e-03\n",
      "   2.07692150e-03]\n",
      " [-1.26892024e-01  3.64506232e-02  8.12495052e-02  5.07258474e-03\n",
      "  -1.41087691e-02  2.17820486e-02 -1.13492122e-02  4.08307805e-02\n",
      "  -3.14795426e-02 -1.17153467e-02  2.09213317e-02 -1.61291015e-04\n",
      "  -3.04970642e-01  7.97758655e-01 -4.92292241e-01 -1.12774962e-02\n",
      "   1.53162359e-03]]\n"
     ]
    }
   ],
   "source": [
    "pca = PCA(n_components = 16)\n",
    "X_pca = pca.fit_transform(X)\n",
    "\n",
    "M = pca.components_\n",
    "\n",
    "print(M)"
   ]
  },
  {
   "cell_type": "markdown",
   "metadata": {},
   "source": [
    "Determining the covariance matrix"
   ]
  },
  {
   "cell_type": "code",
   "execution_count": 7,
   "metadata": {},
   "outputs": [
    {
     "name": "stdout",
     "output_type": "stream",
     "text": [
      "[[ 1.00000048e+00  6.62834844e-01  6.56003985e-01 -7.72256215e-03\n",
      "  -3.84689585e-03 -4.42890274e-03 -8.78130603e-03 -8.44408447e-03\n",
      "  -8.11932558e-03 -3.79503475e-03 -1.21304656e-02 -5.35411822e-03\n",
      "  -4.36425525e-03 -7.21672102e-04 -1.29939729e-02 -1.76677916e-02\n",
      "  -2.48103199e-03]\n",
      " [ 6.62834844e-01  1.00000048e+00  6.87811435e-01  5.66802461e-03\n",
      "   4.72593213e-03  5.36990604e-03 -8.00666359e-04 -1.33558954e-02\n",
      "  -1.05180795e-02 -7.15868182e-03 -1.39250036e-02 -4.00241750e-03\n",
      "  -1.17354126e-02 -1.19527296e-02 -2.04148888e-02 -1.64252392e-02\n",
      "  -2.20764219e-03]\n",
      " [ 6.56003985e-01  6.87811435e-01  1.00000048e+00 -1.54811295e-03\n",
      "   3.04376260e-03  6.04547737e-03 -3.01905491e-03 -8.17017699e-03\n",
      "  -7.32696904e-03  1.29672275e-03  1.52994520e-03  2.70679449e-03\n",
      "  -1.85833131e-02 -2.13708465e-02 -3.10549388e-02 -1.03678126e-02\n",
      "  -3.85826954e-03]\n",
      " [-7.72256215e-03  5.66802461e-03 -1.54811295e-03  1.00000048e+00\n",
      "   3.76902104e-01  4.06272466e-01 -1.04520635e-02 -9.80708486e-03\n",
      "  -8.50368891e-03  1.57091105e-02  8.35709128e-03  2.51650217e-02\n",
      "   5.61986989e-03 -6.25278016e-03  2.59023330e-03 -2.88269809e-03\n",
      "   2.94419847e-04]\n",
      " [-3.84689585e-03  4.72593213e-03  3.04376260e-03  3.76902104e-01\n",
      "   1.00000048e+00  4.11932141e-01 -1.69435544e-02 -1.28414731e-03\n",
      "  -1.24574271e-02  6.77883878e-03 -3.80933929e-03  1.64704265e-02\n",
      "   1.14345974e-02  8.23674196e-03  1.16561543e-02  1.00541443e-02\n",
      "   2.53880260e-03]\n",
      " [-4.42890274e-03  5.36990604e-03  6.04547737e-03  4.06272466e-01\n",
      "   4.11932141e-01  1.00000048e+00 -1.31529384e-04 -2.03202388e-03\n",
      "   9.55817968e-04  8.91768031e-03  6.69539467e-03  1.93844015e-02\n",
      "   1.45267919e-02  1.05578554e-03  1.68545221e-02  4.41199792e-03\n",
      "   4.03824990e-03]\n",
      " [-8.78130603e-03 -8.00666359e-04 -3.01905491e-03 -1.04520635e-02\n",
      "  -1.69435544e-02 -1.31529384e-04  1.00000048e+00  5.27687050e-01\n",
      "   5.41406222e-01 -1.48201671e-02 -1.85838873e-02 -1.21456172e-02\n",
      "   2.72647342e-03  6.04511052e-03  3.17235642e-03  1.55229019e-02\n",
      "  -4.17930567e-03]\n",
      " [-8.44408447e-03 -1.33558954e-02 -8.17017699e-03 -9.80708486e-03\n",
      "  -1.28414731e-03 -2.03202388e-03  5.27687050e-01  1.00000048e+00\n",
      "   5.37866451e-01 -1.28766954e-02 -2.38874456e-02 -1.51762713e-02\n",
      "   7.12769631e-03  5.27728898e-03  1.16552264e-02  6.97992033e-03\n",
      "   1.96175144e-03]\n",
      " [-8.11932558e-03 -1.05180795e-02 -7.32696904e-03 -8.50368891e-03\n",
      "  -1.24574271e-02  9.55817968e-04  5.41406222e-01  5.37866451e-01\n",
      "   1.00000048e+00 -4.22114085e-03 -1.01499188e-02 -1.20418163e-02\n",
      "  -9.36788073e-03  2.18951577e-03 -1.13939309e-03  5.06120301e-03\n",
      "   1.00616632e-03]\n",
      " [-3.79503475e-03 -7.15868182e-03  1.29672275e-03  1.57091105e-02\n",
      "   6.77883878e-03  8.91768031e-03 -1.48201671e-02 -1.28766954e-02\n",
      "  -4.22114085e-03  1.00000048e+00  4.17659055e-01  4.05148571e-01\n",
      "  -9.24375228e-03 -7.40768361e-03 -3.75517042e-03 -8.33576827e-03\n",
      "  -1.53706687e-04]\n",
      " [-1.21304656e-02 -1.39250036e-02  1.52994520e-03  8.35709128e-03\n",
      "  -3.80933929e-03  6.69539467e-03 -1.85838873e-02 -2.38874456e-02\n",
      "  -1.01499188e-02  4.17659055e-01  1.00000048e+00  4.05079109e-01\n",
      "  -9.48412197e-03 -2.08997189e-02 -7.69542510e-03 -4.67416756e-03\n",
      "   5.24577046e-03]\n",
      " [-5.35411822e-03 -4.00241750e-03  2.70679449e-03  2.51650217e-02\n",
      "   1.64704265e-02  1.93844015e-02 -1.21456172e-02 -1.51762713e-02\n",
      "  -1.20418163e-02  4.05148571e-01  4.05079109e-01  1.00000048e+00\n",
      "  -2.88677122e-03 -8.85073695e-03 -3.17202350e-03 -1.31245543e-03\n",
      "   9.74246659e-03]\n",
      " [-4.36425525e-03 -1.17354126e-02 -1.85833131e-02  5.61986989e-03\n",
      "   1.14345974e-02  1.45267919e-02  2.72647342e-03  7.12769631e-03\n",
      "  -9.36788073e-03 -9.24375228e-03 -9.48412197e-03 -2.88677122e-03\n",
      "   1.00000048e+00  6.61831829e-01  6.58004962e-01  1.38915580e-02\n",
      "  -2.63500594e-03]\n",
      " [-7.21672102e-04 -1.19527296e-02 -2.13708465e-02 -6.25278016e-03\n",
      "   8.23674196e-03  1.05578554e-03  6.04511052e-03  5.27728898e-03\n",
      "   2.18951577e-03 -7.40768361e-03 -2.08997189e-02 -8.85073695e-03\n",
      "   6.61831829e-01  1.00000048e+00  6.64033114e-01  1.83753573e-02\n",
      "  -2.79160393e-03]\n",
      " [-1.29939729e-02 -2.04148888e-02 -3.10549388e-02  2.59023330e-03\n",
      "   1.16561543e-02  1.68545221e-02  3.17235642e-03  1.16552264e-02\n",
      "  -1.13939309e-03 -3.75517042e-03 -7.69542510e-03 -3.17202350e-03\n",
      "   6.58004962e-01  6.64033114e-01  1.00000048e+00  7.29939741e-03\n",
      "  -3.52699977e-04]\n",
      " [-1.76677916e-02 -1.64252392e-02 -1.03678126e-02 -2.88269809e-03\n",
      "   1.00541443e-02  4.41199792e-03  1.55229019e-02  6.97992033e-03\n",
      "   5.06120301e-03 -8.33576827e-03 -4.67416756e-03 -1.31245543e-03\n",
      "   1.38915580e-02  1.83753573e-02  7.29939741e-03  1.00000048e+00\n",
      "  -4.35953465e-03]\n",
      " [-2.48103199e-03 -2.20764219e-03 -3.85826954e-03  2.94419847e-04\n",
      "   2.53880260e-03  4.03824990e-03 -4.17930567e-03  1.96175144e-03\n",
      "   1.00616632e-03 -1.53706687e-04  5.24577046e-03  9.74246659e-03\n",
      "  -2.63500594e-03 -2.79160393e-03 -3.52699977e-04 -4.35953465e-03\n",
      "   1.00000048e+00]]\n"
     ]
    }
   ],
   "source": [
    "C = np.cov(X, rowvar=False)\n",
    "\n",
    "print(C)"
   ]
  },
  {
   "cell_type": "markdown",
   "metadata": {},
   "source": [
    "Pre-processing the test data to work with the PCA model built"
   ]
  },
  {
   "cell_type": "code",
   "execution_count": null,
   "metadata": {},
   "outputs": [],
   "source": [
    "scaler = StandardScaler().fit(x)\n",
    "\n",
    "x_test # Testing data\n",
    "\n",
    "X_test = scaler.transform(x_test)"
   ]
  },
  {
   "cell_type": "markdown",
   "metadata": {},
   "source": [
    "Configuring the code to work with new data"
   ]
  },
  {
   "cell_type": "code",
   "execution_count": null,
   "metadata": {},
   "outputs": [],
   "source": [
    "# Modify the code to accomodate new data"
   ]
  }
 ],
 "metadata": {
  "kernelspec": {
   "display_name": "Python 3",
   "language": "python",
   "name": "python3"
  },
  "language_info": {
   "codemirror_mode": {
    "name": "ipython",
    "version": 3
   },
   "file_extension": ".py",
   "mimetype": "text/x-python",
   "name": "python",
   "nbconvert_exporter": "python",
   "pygments_lexer": "ipython3",
   "version": "3.11.4"
  },
  "orig_nbformat": 4
 },
 "nbformat": 4,
 "nbformat_minor": 2
}
